diff	lwr	upr	p adj
Kitaake_Root-MH63_Root	0.69111528173102	0.105116823018933	1.27711374044311	0.0135216731936564
MH63_Rhizo-MH63_Root	1.05017021494546	0.464171756233371	1.63616867365754	8.88009742541218e-05
Kitaake_Rhizo-MH63_Root	1.40918657587104	0.823188117158949	1.99518503458312	5.42989912699632e-07
MH63_Input-MH63_Root	2.4069188253744	1.82092036666231	2.99291728408649	3.03301828097347e-12
Kitaake_Input-MH63_Root	2.79009780750107	2.20409934878898	3.37609626621316	1.13797860024079e-13
MH63_Rhizo-Kitaake_Root	0.359054933214438	-0.226943525497649	0.945053391926525	0.442828579679406
Kitaake_Rhizo-Kitaake_Root	0.718071294140016	0.13207283542793	1.3040697528521	0.00948853691217544
MH63_Input-Kitaake_Root	1.71580354364338	1.12980508493129	2.30180200235547	9.16232612002688e-09
Kitaake_Input-Kitaake_Root	2.09898252577005	1.51298406705796	2.68498098448214	8.76608785560506e-11
Kitaake_Rhizo-MH63_Rhizo	0.359016360925579	-0.226982097786508	0.945014819637666	0.442946317433228
MH63_Input-MH63_Rhizo	1.35674861042894	0.770750151716857	1.94274706914103	1.12393182416515e-06
Kitaake_Input-MH63_Rhizo	1.73992759255561	1.15392913384353	2.3259260512677	6.735410784664e-09
MH63_Input-Kitaake_Rhizo	0.997732249503365	0.411733790791278	1.58373070821545	0.000189104722519429
Kitaake_Input-Kitaake_Rhizo	1.38091123163003	0.794912772917947	1.96690969034212	8.03049852171611e-07
Kitaake_Input-MH63_Input	0.383178982126669	-0.202819476585418	0.969177440838756	0.371911979048508
diff	lwr	upr	p adj
Kitaake_Root-MH63_Root	0.69111528173102	0.105116823018933	1.27711374044311	0.0135216731936564
MH63_Rhizo-MH63_Root	1.05017021494546	0.464171756233371	1.63616867365754	8.88009742541218e-05
Kitaake_Rhizo-MH63_Root	1.40918657587104	0.823188117158949	1.99518503458312	5.42989912699632e-07
MH63_Input-MH63_Root	2.4069188253744	1.82092036666231	2.99291728408649	3.03301828097347e-12
Kitaake_Input-MH63_Root	2.79009780750107	2.20409934878898	3.37609626621316	1.13797860024079e-13
MH63_Rhizo-Kitaake_Root	0.359054933214438	-0.226943525497649	0.945053391926525	0.442828579679406
Kitaake_Rhizo-Kitaake_Root	0.718071294140016	0.13207283542793	1.3040697528521	0.00948853691217544
MH63_Input-Kitaake_Root	1.71580354364338	1.12980508493129	2.30180200235547	9.16232612002688e-09
Kitaake_Input-Kitaake_Root	2.09898252577005	1.51298406705796	2.68498098448214	8.76608785560506e-11
Kitaake_Rhizo-MH63_Rhizo	0.359016360925579	-0.226982097786508	0.945014819637666	0.442946317433228
MH63_Input-MH63_Rhizo	1.35674861042894	0.770750151716857	1.94274706914103	1.12393182416515e-06
Kitaake_Input-MH63_Rhizo	1.73992759255561	1.15392913384353	2.3259260512677	6.735410784664e-09
MH63_Input-Kitaake_Rhizo	0.997732249503365	0.411733790791278	1.58373070821545	0.000189104722519429
Kitaake_Input-Kitaake_Rhizo	1.38091123163003	0.794912772917947	1.96690969034212	8.03049852171611e-07
Kitaake_Input-MH63_Input	0.383178982126669	-0.202819476585418	0.969177440838756	0.371911979048508
